8308249994
2998324022
0458934001
9821705308
1887888292
4574969455
6039937326
3808532977
8292761153
5708631825
2228110955
9510709602
0954681102
1065691743
4262179113
7355521891
1342288591
3174467067
2053794302
2934160770
2565883672
9770162162
8034694271
0778339726
9623726980
0417202122
9877720886
3530695024
3014349820
9485472808
6263528318
8338007746
5720779711
5063356436
6471172709
1963374877
7333054647
8687258174
8158564798
9893141525
1888479025
5569088745
5164207148
1476189664
4074440959
8324930528
0760029532
2392224364
6808540400
6747257116
1142749283
9276725730
3957441800
7319743895
7828628430
7560212974
6373271195
6310936336
1055345923
0342784802
5484861556
7113565606
7019832002
5400154675
8913441898
0621032951
5110941188
9215289103
7493165474
3675060476
3647413361
1249589053
4359870915
1666957056
9861605011
7270967495
9269372430
2074078358
8284429560
1354592893
4773136160
7817643010
7825994568
3514010518
1910865817
9147980627
1893554599
8425746888
3194919242
2821726643
9816700170
1823353894
8073481194
9102380827
3692001260
2081753300
1137922644
6252585585
4592774524
6641348622
3867951287
8126050204
3290464214
0606565573
2818972700
7474635173
0812919488
8117861379
3909048810
8811398537
2479509294
0676308688
6705713597
2450652445
5456408351
5485949284
0087765491
4242911057
2249220185
0014313371
5291108409
0627951237
6972665268
6779120659
6252990093
2616797554
0757336230
5355956340
4416451351
2108338222
3954532830
2660401814
1599805194
5633861254
9433149925
9112580229
6123736636
9876934135
1413746770
5774988471
5786459731
2489318039
8639095759
0513509130
5690174407
0476288199
9080435127
1954682839
6120201828
5227082538
8254611019
7191745935
2734397660
5266829814
2511274171
3795094014
2086193024
4314281887
0002126168
0024488639
8952045521
5821142482
4379553522
6688495505
5544225870
0607394689
8659477400
9577130091
8345889363
0841579448
0467728932
1767619287
1342413969
1706178413
3386590664
1744873092
9568314184
2447069099
6621273516
9775487336
5220591606
1544052633
7340370540
5234004991
8825618226
3943479244
1651771027
1842779670
3026927987
3183838664
6269054619
6146680006
4090030116
9502141639
8626380812
8590629073
5949335131
8394752662
1603395913
4804823693
3396821446
6375998918
6504396198
6518577708
5942312789
4975201760
9921849441
0356136192
9491951152
7247556276
5367607967
9247514428
8726034507
8417085785
9850791650
3171372455
5247249900
2243199765
0161015089
6366783807
7754155327
2667687112
9158469630
4066084379
8252579587
0226212296
1763181110
4311024595
6564325433
1650155057
6886908063
9053274559
8189273207
6558264593
5083502774
8355199781
7656982578
5277545727
1240273840
2957096618
1353879021
4165523361
8493330562
9576183774
8102177614
9420256950
7712862739
6520740704
3732439954
0754595083
7893158358
4235695169
0251405699
6895182140
6148415424
3522317751
9835426131
7668276716
2921810054
1404104432
9334323489
4918025978
2312921451
2962929872
3557947460
2354453370
8606418005
8847798945
6720867484
6824667020
0060799340
8986736411
1133627932
9218850179
0178831294
9910007400
3145608829
6599858118
2821410470
9406781930
2590346418
8156992386
7518656171
8938599285
0927045615
2992279097
5502387248
5691650215
5798821772
0071345492
5256932869
5523313974
0990479335
5351169824
1985902685
8519434201
2044066171
2663893142
1227482022
4954860854
8071865364
2117393478
4686688808
2986409535
8069412267
1432712527
2455754332
2797240121
9639244995
9687026940
1891744377
1728969573
4433631883
8455155650
3682126353
1731755857
1434093850
7893020708
9491785079
8162351956
6764963874
7218254481
7880104078
7040674182
7685541782
6884638617
7345345815
5049353151
9230983700
4784871776
9340561138
5781179602
2421064522
8488149910
1478241694
2492506703
1409691962
4613407792
3596830683
8114695914
9615194990
3998178514
5964796489
7602944472
2323861459
3966499008
5464903420
4708799626
7107280471
6610920665
7283324006
1682616734
2725198219
6610245995
5912828388
1003753001
4638935058
9541349206
0611155105
3076475618
1252671308
0981922457
9390202630
3882157869
2977222118
9357723777
4376081861
3377862447
3003850644
4481638213
4633964512
6150295445
4028724718
1677692975
5771140056
9637620869
2775908315
1730582619
7046382192
8868948018
1716194361
6940711124
6889825433
3533645437
8131838218
8626097545
7193260134
6908958893
6089242150
0173963815
0160208170
7182377652
8800560528
3520982220
7561632019
9608093770
2604192850
5362951615
6359728590