2578221872
0311479870
6608662774
4076201221
9154954757
4955821794
6964623764
7133549730
0353298113
6602681224
9634815326
6826492165
7279647642
1486311695
3586072221
2043086889
5802194313
0735291245
1304791809
3866210677
1648614773
4764799324
4167189025
9579656510
2080602040
1352823395
5010119938
8521722837
0056667147
4839054077
7185143807
8891886646
0828509488
8965881106
6947866819
9109065121
4677757670
3539280825
4409956327
2477881100
8208189854
4679390879
9147817015
2808476599
6573680244
8572525126
2163337269
3023461582
5228031799
4720234837
9246905483
5476061680
5717242761
9568495912
5951369526
3699740957
7230358480
2004592658
1188987643
1183689366
6534561835
5145071262
9413049867
8103972195
7372629887
4056673547
7124232709
1201457214
9671188298
7363946029
0843406698
2412774009
7444183161
1644474036
8486415668
2071491928
7154121584
1702001112
9820123833
8789488326
0911289218
7032270256
8470522149
0663707226
6397658735
2209639048
7237600941
2724330851
5345621313
3283582117
8321446241
3628356622
9688923119
3177391803
7816645979
8331467712
0593091954
9540698138
6537020433
0263394713
7570335434
8117176166
8140656303
4092009498
3856856476
7123300242
0857673201
7077324351
7511801936
6805494272
6885823020
7365785881
0346957268
3697515317
0216913280
9191567674
2375499586
8057783602
9764333151
6677092744
4887417798
7332912183
5915552371
9451849108
5610816194
4142543418
4215395222
3552920040
7761533896
4410936671
1092555970
0923087404
3678961157
5065735942
4057954759
7225232526
8953004659
7410635976
2578203713
9082658065
6931893683
5098928820
5768128096
6138827083
7552778831
9272516819
4172595293
8814528101
1900709626
5804194788
5129735103
4307191737
9357575462
3526705626
2949575518
0241987385
4950786251
0675282249
5541972314
1859484634
4833996187
7471898373
3795612805
8429551425
3757378465
4161800616
0942867827
4767256117
9001912327
8474618771
6706964366
3444892569
4659704436
6972761228
5134702259
1392455791
8147841412
8454599588
2073591496
7091696946
3815694619
6198644634
4740720458
9183027347
4815827858
6023028906
1214363375
8203151962
0144773631
1593564850
2438436810
8321199528
5491177031
0250005702
5806509016
0142282745
2801159632
2572197298
1229477224
9164914546
6268515586
8365429237
8941337776
1101576080
5872887628
5162560395
5945460271
5497339192
0152001666
0424030868
2428149850
4884139988
4981065909
0835864187
0434614395
0631860833
4282425122
0960545610
4749787069
9183467930
5852720493
7158477266
1934105839
5964322337
1732201425
4029356754
2474811917
6245222791
0150563799
6620087371
3857238151
0082509277
0356797515
8533729156
5175701919
6819024286
6354691844
4616139631
1074016455
3341395086
7850943551
4170324605
0671173191
0725471434
4538694722
9324694343
5432485066
6836166572
5809821591
8087445568
1088907388
0580986213
2408944183
7539287958
2808252612
1027840484
5012976356
4413559604
1035207195
3267457667
2071078976
9822738708
1237985607
7563446264
8320085062
4658253429
8387427474
3367139980
2625484587
7526139876
0126246606
0286217625
2930147995
1538450676
8762978876
8259389578
9761455324
1339816187
3511404833
8162745970
0084991047
7361524225
0592773453
1903203062
6366703698
9006301638
4839197725
1696371988
4406043311
6712017974
2156395590
2123870953
4208861956
6560285567
5312401274
3356813687
4885095597
0152559309
1615240370
3980480074
2097759652
2592088890
4961626400