9702315791
8941211434
2906219734
3764712056
4390583333
7386198698
8996809905
1420340380
0830114185
8940867787
8098923131
0695574140
9660865419
6211608091
1060224578
8586706446
2280908092
8680675561
3887489741
9611654406
6928695915
6382469092
4782906046
1034120094
1704718285
3456303956
5976769596
7037557094
1026070635
0420096426
7157266654
6857849069
1062224120
2494070529
3161977969
5698349071
9437305909
7246555370
9152673100
0559347358
5197981620
9882220629
3867576979
1761751298
7256570243
1461036106
2926553463
5901968442
3724394831
3105702610
4410882899
6241807728
8419714483
2684941935
7689926955
1124728475
7765863306
4518321327
4428208902
9844221686
7620125565
6503525873
7094114563
7410820231
8983311645
7988843793
7646244813
3060652218
4861203179
2411399719
3860000502
4930077506
9524919615
4260189376
6411180090
6122634089
1555974992
4398678700
7299014770
8367009934
1259174880
5035589860
0457331736
4485378868
4915522926
3289167928
9095795570
7501567243
2303574310
1241722065
9533243281
6699847297
1785728537
7219159497
2458974926
0099016427
8991684139
7693071058
2359889529
1343569870
8005122668
5741983953
9947683749
1850991583
4603281622
4090176481
7074690616
6770368130
3485948275
2269903154
6865339107
3358873570
0212116449
8380038850
5344131912
1353358821
2734093905
6038959612
2941776894
6458011263
7538626180
0405847040
2674309571
9492747223
6726467365
1517052414
8312743400
4388696843
7479185308
9146318131
5661062099
8988382236
4230567838
3918076326
8290879723
4838114018
8661526729
6504165704
2283113028
2170378871
6421007245
6137772731
8949134097
9271580354
4789041433
8445399387
9631423244
1508968275
7332945829
3766373486
7767992929
1156144256
7290512241
7224531443
7586199119
3099581936
0431396920
6332520648
5043922244
5117594201
5415510381
9262797610
5473931692
5889485302
3932169852
3712158650
9969268814
6701600686
9552096227
6590880604
5715986201
7694757451
3688652302
9538156436
0002245530
6994637163
2978540181
7881574534
7700666850
2935484869
0789575046
5278372714
7605441585
4199483899
5785650374
0685271342
3321947851
5631264620
2869613882
5036846427
9245557601
9207639545
7405547555
4896431541
7123514782
7030368771
8203599797
2448367314
9470296828
4104553008
3802783384
9870901505
3962880788
2134954702
0794272298
0205396936
3935522009
9979994342
1859561248
3878909952
5253617420
1444696436
2934720071
8346605367
7711906038
2808159847
9611820564
7449184820
2075159710
3511101070
4647786457
4443186485
3129380121
5543679573
0889898714
6063364041
0794960674
8534908975
7654573857
8052268726
8405674312
7475592846
5338283783
2612441965
2095240486
5972573149
1901389667
7301847549
9076266957
1146965431
7371914065
5520981579
2132286177
4324200376
1357821990
1085129366
9731363861
1125852236
3696337773
5992042933
5624041016
6939663447
2997329264
9739246892
7138825295
7002465853
1802376275
9042010862
7685262903
6015429487
8494874376
5892759846
8321637986
4198126186
5796449899
6253188830
0038096889
2446743793
5988575545
0342713129
5795815657
0084916328
4412037461
9558560848
6921138215
6939043166
8763613943
6646825852
3242067674
3076324451
1085497582
1529228718
0960434099
1318635328
1929228927
0707402242
7005961596
2560986829
9090984112
9005318819
8023362328
0188622530
9462196817
3487434909
2829582306
4280769791
7956158080
2325364151
7897830109
7333200933
4520389973
3144613266
4210949074
0619769445
7240935928
8282410205
0352627500
8519053785
2929682657
6330952566
6153652867
7311322638
8137516924
6150097425
5705717851
4479275823
3863400195
3258659304
2065265214
5255865937
8017766240
8146988403
5816013999
7857564538
9401941979
0017427845
0612895924
9267267414
2072539334
4641856003
9228219467
3992522226
2434163210
7182365902
9451247343
8297380181
5974948657
0249799235
1912890112
7970906508
3642906070
9403084232
3177575605
6165168062
6157082824
5764075782
0537124453
5475051960
2272679314
4800512260
4338319425
9782915755
2192150028
5595125683
0149559538
5176971466
9462892522
0048840786
0069615623
2822645866
7814336897
1629134192
0318665022
7930948571
3624914239
1588188061
2616685155
8041703001
6459590444
4465178119
7231733961
0585683328
7150882041
5769580235
7851708880
7282841103
6247926751
9731024927
6011834600
9346388591
4378293243
3820632521
4930671179
0912237322
9047492733
6015300931
1031854176
1650277126
8243258735
3917884888
5464858915
1059771356
6156013740
3404134238
1478247675
0624289188
3835263656
2047677028
2219742463
5309249037
9207575839
4016770027
0218276766
0899268075
9362064150
9898290187
1560905281
9029357862
0820414002
8386274463
2413864171
9185385150
9516778236
7547661660
5864489535
8317052429
8169880428
3058227497
4992808726
0226999727
3077353476
7304386812
0551941965
1288010542
4673800233
5956598508
2668760560
9557193147
0380359800
1170966366
9231571941
4683497492
6025217801
4008918529
1459972593
6219451634
2517279313
4480096762
7038868219
3005388419
7780274017
2418706386
6203934391
2342054128
4004850924
2751533174
9018408372
5685457018
0720839159
2766925255
7816763356
1914569231
3789421149
0910366853
9378950898
3406812848
9368425265
9262089606
0811429892
7506080799
1671260061
3895501996
4555022362
7948565734
9664359308
2544887925
6521059935
2294394658
8639878783
8336010863
1179781893
8798520762
9657010392
1998222828
5188545093
1048820434
9431596786
4120073715
3651524475
6598953040
0220240052
8233268102
4973141874
0094784591
3165258291
0223364667
1340526435
9621271475
8376862790
1930196749
0345422690
2292497285
9338691516
9957257033
5119464906
1567931480
8820426143
8172762981
1423338042
6838457075
3688959464
7708578151
2065145153
2318416457
1069682158
3262755696
9635085910
4112072993
2624295206
0581734014
6755973999
4847025474
2651939344
3955722367
1694474751
5317569384
8512085182
9194596683
0134354495
4426221566
8924171765
3183587797
5774298031
2211386751
4181150757
0398263445
1474130422
8079281075
3971607534
8565559698
6681546750
4560853624
4637100922
7968286009
8864712117
4340934526
2774048939
6443666325
5445039554
3958733997
9218425258
0478949323
5564877706
0055325430
4043326175
4377343104
9536967437
2734239146
3490406244
6567657345
9636751111
4729759929
4746196514
1110633110
7297518307
5354567561
1363428250
2136081958
0790069890
9873421443
7000677392
0559029876
0337063472
8370228579
0931250238
2818357488
1326093096
5655449050
3302907673
2494872091
4001737107
4325408598
8562158052
2527365240
0105977044
4731085737
7271917743
0123197163
9655929379
2870664157
0368767905
5724640358
7304454632
1870545390
4763194380
1244549276
9518104412
7014720314
4665508017
5898366648
8781466327
2671912550
8750495984
3601746961
3565150573
8119623692
0031120021
8574185066
3708566647
8938699879
5843488172
0281356422
4189828447
8258248445
0663444583
8163426254
3000797160
8816535741
0546512626
1929455031
6747193678
7150007075
2463358299
1009052697
4130753362
8854882200
5982791874
5813946777
8398617722
4677117983
2893116556
7932792043
1223479415
9691030529
5125512931
0518725542
9686903746
9399836253
8086233110
0883475875
5809349366
5120903211
4143826461
8776826130
2089200532
9929467679
6927062399
0691272698
7579144970
0679411174
3012121781
7763626341
7706634852
8539496257
8998488022
8162184196
5488432272
3293318656
1901345768
7719567745
1759728141
0474769365
7379881744
0107940243
2740020723
7267991021
5787915837
5201371577
7838084916
0138533923
4136446110
4342848984
6112577457
6027920742
2581820041
7277622597
3508409914
0437653649
8898185168
1707927420
8035509450
4100155946
7931925135
5599815822
9857377230
0955788516
8675405837
1953051973
9427353162
0356849256
2940638460
0534002667
6577396453
6379681155
9239712631
3187110523
4402549769
4153757466
7002779936
0680709910
5354376723
0264472294
3562475175
5595708824
0193326850
4264384390
4900420514
9815331685
1715523329
1764544855
4431308367
9581347198
6926458640
4361766759
5350920885
0184214249
2734734930
8172468742
1781973911
2843561918
4472357758
4694550872
8509456216
4692065222
1051766188
5541390917
7324899331
8938985824
1141360222
8925562163
4332852284
1939782285
4566845116
4041157291
6071314439
5556077882
8671257649
9913851548
5045007269
5952796837
0845240653
7142980746
7850441251
0759613822
5739954959
2186122226
4512725604
3903364361
0141231736
8577072365
8613838307
0501445690
6798349214
6707473982
9365538911
6038941871
3192338391
3747233785
7555897384
8155961597
1656851108
2968092820
8896377645
2847659817
3648901680
9177235268
7274640515
7730735622
9694188453
4547519021
2298842264
5239955126
6600522222
1634631576
9846393284
3028242698
1465210022
3002037845
0961572015
3610729512
3360388125
5543499909
8348100429
2532055261
1955265364
0329049076
8071226086
7659750466
7219678815
1086045964
1900387764
4129380115
1169477928
4420190680
4114426962
9165056639
9817526863
4036023927
4030579469
1454371087
5861805032
2512303157
6803624060
7432007879
8568000650
8885466522
3210657426
5264441569
9609310787
5514724367
5724586284
0182674064
1867794527
5406238313
4640774454
8953457220
1125970187
7371725095
7209302471
5948397665
7499917926
4642796765
4370638971
4890975680
0184680737
4763731903
7346826184
3065126352
2510346507
2129529956
2629742977
3016790924
6929673387
7693396713
5478254611
4871029861
2668205710
6452220269
3369369114
1148981089
9543433183
4024607412
4621630643
6514690881
6288302098
6440101856
8586456515
7682461663
5350546817
4810911531
6967790685
5387210003
4421326956
1719305757
2439253957
8410786094
5679935887
4143866798
3735806682
3230709248
0492671573
4966089803
3880796970
1625224344
3737846755
4022505980
4635362976
1009648381
5913655617
7361821254
1989817783
9327482943
3574769896
7538319704
7531054759
8311292439
9013554717
5929112636
3869375085
3804862280
5684425614
6384111366
5047974433
9076654457
5985585206
3293895803
3565973503
3737847230
2358482080
8656607434
4137795886
5380483242
7251419161
6019073369
2872643227
0104015769
5385416429
7382815002
5406217182
6497326976
7851506487
2663193448
6114005884
0964638740
0710916194
7703783864
0849170522
4588761943
2342095475
4502990909
0389204955
3010001436
9080042549
6339399007
6962674543
3761974162
0564467290
1847702597
8611555230
7171513893
4120287303
7922176087
6827780363
0191975631
5506215535
0070599282
9923239014
0537223544
7764949088
8359591706
3259816376
2672524697
3637422791
7840436795
4638888206
7746185267
7330004989
5051601570
9748185875
5246841846
0259404254
5712552207
0424533230
3704501478
1515176128
0826391851
0523665932
5359653064
2522722893
7475602066
0618772562
8517068752
0895717425
4558154338
3639473871
8176124603
5056403549
5213936708
9530912153
0499420890
2044553172
0352825622
6480939202
2665312811
3925668330
4043012300
3672220183
3704512472
9279788503
3294472341
7380795979
2917020237
2021347527
8998977954
6733454877
2096562346
6854379254
2509913966
1780497542
7827746622
1360518092
0295941318
1673082764
2674717348
5095216398
9022248741
3460926550
6134065987
2818691427
6627907577
7416096940
7986863118
3287187478
5076899487
7944280430
6735002886
1127553339
3057197007
2626997055
5083986958
6541273682
2783844227
2737807849
3911949406
8686816766
2636994577
5662800713
8788136290
5302501771
3730315310